1 0.080565 0.647841 0.132890 0.259551
1 0.140262 0.577762 0.113164 0.219061
1 0.229547 0.605793 0.073713 0.196221
1 0.444456 0.627076 0.065407 0.157807
1 0.492733 0.571532 0.062292 0.115241
1 0.642234 0.589701 0.074751 0.120432
1 0.738268 0.614099 0.065407 0.100706
1 0.587931 0.605583 0.029419 0.107871
1 0.853687 0.599699 0.027458 0.051647
1 0.889971 0.632061 0.029419 0.060146
1 0.914161 0.593488 0.034650 0.053609
1 0.954367 0.581721 0.026151 0.041841
1 0.370171 0.652150 0.044643 0.074708
1 0.828444 0.595208 0.030066 0.070153
1 0.533254 0.592930 0.026421 0.071064
1 0.698160 0.604319 0.050109 0.102952