0 0.048420 0.576694 0.030907 0.190018
0 0.095925 0.543498 0.052656 0.169414
0 0.184066 0.501145 0.020604 0.130495
0 0.124542 0.561813 0.018315 0.132784
0 0.259043 0.457074 0.019460 0.136218
0 0.299107 0.481113 0.051511 0.202610
0 0.374657 0.518887 0.035485 0.136218
0 0.285156 0.577257 0.046007 0.149306
0 0.430990 0.421007 0.066840 0.149306
0 0.393229 0.521701 0.024306 0.204861
0 0.505208 0.421875 0.065972 0.161458
0 0.468750 0.476128 0.038194 0.172743
0 0.575215 0.478062 0.045666 0.155802
0 0.604764 0.471794 0.043875 0.170129
0 0.665652 0.460602 0.052830 0.172815
0 0.687142 0.455229 0.036712 0.203259
0 0.581483 0.724749 0.085064 0.196096
0 0.790562 0.524624 0.032235 0.266834
0 0.888610 0.473585 0.047457 0.272206
0 0.950394 0.512984 0.031340 0.193410
0 0.716243 0.522385 0.082378 0.179979
0 0.852346 0.555963 0.055516 0.209527