0 0.019719 0.491130 0.039438 0.199236
0 0.044896 0.500000 0.040939 0.222434
0 0.114492 0.619405 0.084607 0.204694
0 0.225027 0.487036 0.090066 0.191048
0 0.310999 0.507505 0.062773 0.161026
0 0.152020 0.676037 0.055950 0.137828
0 0.438592 0.600300 0.053221 0.150109
0 0.504094 0.482942 0.042303 0.226528
0 0.549809 0.490448 0.051856 0.126910
0 0.652838 0.452920 0.077784 0.152838
0 0.394241 0.684225 0.065502 0.124181
0 0.734716 0.465202 0.105076 0.166485
0 0.945551 0.530022 0.057314 0.200600
0 0.866403 0.609853 0.057314 0.152838
0 0.792031 0.501365 0.042303 0.143286
0 0.833652 0.592112 0.043668 0.234716
0 0.596889 0.628957 0.083242 0.207424
0 0.495906 0.663755 0.066867 0.154203
0 0.396971 0.525928 0.035480 0.113264