0 0.239771 0.458970 0.046088 0.214703
0 0.299348 0.384780 0.162995 0.176484
0 0.323516 0.401079 0.123651 0.233813
0 0.638264 0.319020 0.139388 0.105665
0 0.693345 0.365108 0.182104 0.209083
0 0.722572 0.501124 0.071942 0.125899
0 0.839478 0.443233 0.094424 0.165243
0 0.950764 0.435926 0.085432 0.150629
0 0.797887 0.541592 0.096673 0.132644
0 0.414568 0.519110 0.182104 0.161871
0 0.545526 0.469087 0.041592 0.174236
0 0.453912 0.589928 0.107914 0.085432
0 0.565198 0.647819 0.155126 0.068570
0 0.687725 0.582059 0.065198 0.092176
0 0.492131 0.548336 0.116906 0.076439
0 0.115261 0.538817 0.032932 0.102298
0 0.118063 0.620796 0.160454 0.077074
0 0.027326 0.495025 0.054652 0.053952
0 0.034683 0.530409 0.069367 0.050448
0 0.725016 0.559001 0.029297 0.092773
0 0.758789 0.559408 0.061035 0.077311
0 0.904621 0.570542 0.039699 0.053950
0 0.934650 0.549165 0.028502 0.045806
0 0.686787 0.639251 0.062093 0.054967
0 0.482695 0.662154 0.073290 0.106881
0 0.063314 0.740533 0.044788 0.084487
0 0.332392 0.473651 0.016720 0.040936
0 0.256285 0.521794 0.159709 0.059963
0 0.201951 0.561172 0.013787 0.066381
0 0.153952 0.554279 0.031148 0.051573
0 0.368475 0.605244 0.099976 0.043103